   0.00097498964   3.4364237e-07       124970.66       9754640.7       2911882.9
       1904274.7   3.4363967e-07       124969.45       9754550.4       2911853.2
       3808549.5   3.4362681e-07       124963.70       9754119.5       2911711.5
       5712824.2   3.4361395e-07       124957.95       9753688.6       2911569.9
       7617098.9   3.4360109e-07       124952.19       9753257.7       2911428.3
       9521373.7   3.4358131e-07       124943.35       9752595.0       2911210.5
       11425648.   3.4355160e-07       124930.05       9751599.4       2910883.4
       13329923.   3.4352188e-07       124916.76       9750603.6       2910556.2
       15234198.   3.4349216e-07       124903.48       9749607.5       2910229.1
       17138473.   3.4344929e-07       124884.31       9748170.8       2909757.4
       19042747.   3.4340273e-07       124863.50       9746610.5       2909245.2
       20947022.   3.4335616e-07       124842.69       9745049.6       2908733.1
       22851297.   3.4330692e-07       124820.69       9743399.2       2908191.7
       24755572.   3.4324354e-07       124792.38       9741274.5       2907495.1
       26659846.   3.4318013e-07       124764.07       9739148.8       2906798.5
       28564121.   3.4311669e-07       124735.76       9737022.1       2906101.8
       30468396.   3.4304419e-07       124703.41       9734591.2       2905305.9
       32372670.   3.4296395e-07       124667.62       9731900.4       2904425.4
       34276945.   3.4288366e-07       124631.83       9729207.9       2903544.9
       36181220.   3.4280332e-07       124596.05       9726513.7       2902664.4
       38085495.   3.4270749e-07       124553.34       9723298.9       2901614.3
       39989769.   3.4261034e-07       124510.09       9720039.9       2900550.6
       41894044.   3.4251313e-07       124466.85       9716778.5       2899486.8
       43798319.   3.4241060e-07       124421.27       9713338.5       2898365.6
       45702594.   3.4229659e-07       124370.57       9709512.2       2897119.5
       47606868.   3.4218249e-07       124319.89       9705682.5       2895873.3
       49511143.   3.4206830e-07       124269.22       9701849.4       2894627.1
       51415418.   3.4194516e-07       124214.60       9697715.1       2893284.1
       53319692.   3.4181827e-07       124158.35       9693454.5       2891901.4
       55223967.   3.4168614e-07       124099.59       9689005.1       2890457.1
       57128242.   3.4154962e-07       124038.58       9684389.0       2888957.7
       59032517.   3.4140386e-07       123973.44       9679459.0       2887357.8
       60936791.   3.4125564e-07       123907.26       9674445.3       2885732.6
       62841066.   3.4110726e-07       123841.12       9669425.8       2884107.4
       64745341.   3.4095559e-07       123773.57       9664294.5       2882447.9
       66649616.   3.4079075e-07       123700.11       9658715.2       2880645.3
       68553890.   3.4062572e-07       123626.69       9653128.7       2878842.6
       70458165.   3.4046048e-07       123553.29       9647535.1       2877040.0
       72362440.   3.4028623e-07       123475.90       9641634.6       2875140.7
       74266715.   3.4010680e-07       123396.27       9635557.2       2873187.0
       76170989.   3.3992638e-07       123316.33       9629445.7       2871225.0
       78075264.   3.3973810e-07       123232.94       9623198.5       2869179.6
       79979539.   3.3954481e-07       123147.40       9616957.2       2867082.1
       81883813.   3.3934207e-07       123057.67       9610407.9       2864884.1
       83788088.   3.3913725e-07       122967.16       9603790.6       2862666.7
       85692363.   3.3893212e-07       122876.71       9597162.8       2860449.3
       87596638.   3.3872272e-07       122784.47       9590395.0       2858188.4
       89500912.   3.3850101e-07       122686.73       9583225.8       2855796.9
       91405187.   3.3827894e-07       122589.05       9576044.3       2853405.3
       93309462.   3.3805652e-07       122491.43       9568850.5       2851013.7
       95213737.   3.3782281e-07       122388.79       9561287.4       2848503.2
       97118011.   3.3758371e-07       122283.91       9553547.9       2845938.5
       99022286.   3.3734420e-07       122179.09       9545794.1       2843373.7
   1.0092656e+08   3.3710239e-07       122073.46       9537964.3       2840788.6
   1.0283084e+08   3.3684618e-07       121961.37       9529662.1       2838051.8
   1.0473511e+08   3.3658948e-07       121849.36       9521343.5       2835314.9
   1.0663938e+08   3.3633231e-07       121737.43       9513008.4       2832578.1
   1.0854366e+08   3.3606609e-07       121621.56       9504375.3       2829748.5
   1.1044793e+08   3.3579210e-07       121502.38       9495486.5       2826840.6
   1.1235221e+08   3.3551757e-07       121383.28       9486578.8       2823932.7
   1.1425648e+08   3.3524249e-07       121264.27       9477652.3       2821024.8
   1.1616076e+08   3.3495180e-07       121138.25       9468210.8       2817954.6
   1.1806503e+08   3.3465978e-07       121012.00       9458724.4       2814876.6
   1.1996931e+08   3.3436714e-07       120885.84       9449216.6       2811798.5
   1.2187358e+08   3.3406834e-07       120757.15       9439504.5       2808661.0
   1.2377786e+08   3.3375868e-07       120623.74       9429432.5       2805413.8
   1.2568213e+08   3.3344833e-07       120490.44       9419336.3       2802166.7
   1.2758641e+08   3.3313728e-07       120357.25       9409216.1       2798919.5
   1.2949068e+08   3.3281404e-07       120218.70       9398690.6       2795549.3
   1.3139496e+08   3.3248580e-07       120078.25       9387998.3       2792133.9
   1.3329923e+08   3.3215679e-07       119937.93       9377279.0       2788718.4
   1.3520351e+08   3.3182564e-07       119797.08       9366487.3       2785288.5
   1.3710778e+08   3.3147932e-07       119649.49       9355190.1       2781705.5
   1.3901206e+08   3.3113215e-07       119502.03       9343862.7       2778122.6
   1.4091633e+08   3.3078412e-07       119354.71       9332505.1       2774539.6
   1.4282060e+08   3.3042873e-07       119204.40       9320900.6       2770887.8
   1.4472488e+08   3.3006316e-07       119049.80       9308955.1       2767138.0
   1.4662915e+08   3.2969665e-07       118895.34       9296976.1       2763388.2
   1.4853343e+08   3.2932919e-07       118741.03       9284963.3       2759638.3
   1.5043770e+08   3.2894973e-07       118581.55       9272547.4       2755772.2
   1.5234198e+08   3.2856453e-07       118419.96       9259937.3       2751856.5
   1.5424625e+08   3.2817828e-07       118258.53       9247289.9       2747940.8
   1.5615053e+08   3.2779099e-07       118097.27       9234605.0       2744025.1
   1.5805480e+08   3.2739284e-07       117931.45       9221553.5       2740007.0
   1.5995908e+08   3.2703184e-07       117763.33       9209507.1       2735935.8
   1.6186335e+08   3.2669432e-07       117593.45       9198090.4       2731823.6
   1.6376763e+08   3.2635348e-07       117422.34       9186558.6       2727681.7
   1.6567190e+08   3.2600303e-07       117246.16       9174690.6       2723429.6
   1.6757618e+08   3.2565149e-07       117070.18       9162786.0       2719177.6
   1.6948045e+08   3.2529887e-07       116894.40       9150844.6       2714925.5
   1.7138473e+08   3.2494087e-07       116716.17       9138715.4       2710618.8
   1.7328900e+08   3.2457315e-07       116532.86       9126244.7       2706202.5
   1.7519328e+08   3.2420424e-07       116349.76       9113733.7       2701786.1
   1.7709755e+08   3.2383414e-07       116166.88       9101182.2       2697369.8
   1.7900182e+08   3.2345599e-07       115979.95       9088347.1       2692866.3
   1.8090610e+08   3.2307055e-07       115789.51       9075255.7       2688286.4
   1.8281037e+08   3.2268382e-07       115599.29       9062120.2       2683706.6
   1.8471465e+08   3.2229579e-07       115409.32       9048940.1       2679126.7
   1.8661892e+08   3.2190043e-07       115215.82       9035501.5       2674471.0
   1.8852320e+08   3.2150034e-07       115020.18       9021885.7       2669767.1
   1.9042747e+08   3.2109863e-07       114822.29       9008128.8       2665013.6
   1.9233175e+08   3.2069219e-07       114622.50       8994204.1       2660218.0
   1.9423602e+08   3.2028109e-07       114420.86       8980495.4       2655381.3
   1.9614030e+08   3.1986353e-07       114216.18       8966832.5       2650480.9
   1.9804457e+08   3.1944424e-07       114011.66       8953113.5       2645578.3
   1.9994885e+08   3.1901697e-07       113803.07       8939119.2       2640593.1
   2.0185312e+08   3.1858374e-07       113591.83       8924920.4       2635552.3
   2.0375740e+08   3.1814885e-07       113380.89       8910667.6       2630511.5
   2.0566167e+08   3.1771229e-07       113170.24       8896360.5       2625470.7
   2.0756595e+08   3.1726689e-07       112954.98       8881746.8       2620338.5
   2.0947022e+08   3.1681490e-07       112736.73       8866905.2       2615144.5
   2.1137450e+08   3.1636111e-07       112518.79       8852004.8       2609950.5
   2.1327877e+08   3.1590551e-07       112301.17       8837045.4       2604756.6
   2.1518304e+08   3.1543883e-07       112077.44       8821697.7       2599444.8
   2.1708732e+08   3.1496781e-07       111852.37       8806201.4       2594102.4
   2.1899159e+08   3.1449485e-07       111627.63       8790641.4       2588760.0
   2.2089587e+08   3.1401962e-07       111403.00       8775005.0       2583413.3
   2.2280014e+08   3.1353137e-07       111170.95       8758909.7       2577927.1
   2.2470442e+08   3.1304105e-07       110939.26       8742745.7       2572440.9
   2.2660869e+08   3.1254865e-07       110707.93       8726512.7       2566954.8
   2.2851297e+08   3.1205079e-07       110474.56       8710088.9       2561426.2
   2.3041724e+08   3.1154308e-07       110236.07       8693317.2       2555801.0
   2.3232152e+08   3.1103315e-07       109997.98       8676471.4       2550175.8
   2.3422579e+08   3.1052099e-07       109760.27       8659550.8       2544550.7
   2.3613007e+08   3.0999994e-07       109518.13       8642314.4       2538842.4
   2.3803434e+08   3.0947244e-07       109273.44       8624851.3       2533083.0
   2.3993862e+08   3.0894257e-07       109029.16       8607308.1       2527323.5
   2.4184289e+08   3.0841031e-07       108785.29       8589684.3       2521564.1
   2.4374717e+08   3.0786551e-07       108534.41       8571610.0       2515678.9
   2.4565144e+08   3.0731788e-07       108283.75       8553439.0       2509790.0
   2.4755572e+08   3.0676771e-07       108033.51       8535181.8       2503901.0
   2.4945999e+08   3.0621136e-07       107781.02       8516704.7       2497967.3
   2.5136426e+08   3.0564589e-07       107524.15       8497899.7       2491953.4
   2.5326854e+08   3.0507773e-07       107267.74       8479002.7       2485939.6
   2.5517281e+08   3.0450685e-07       107011.79       8460012.8       2479925.7
   2.5707709e+08   3.0392831e-07       106752.61       8440746.9       2473851.4
   2.5898136e+08   3.0334664e-07       106491.42       8421291.4       2467736.6
   2.6088564e+08   3.0276210e-07       106228.38       8401656.3       2461585.4
   2.6278991e+08   3.0217204e-07       105963.74       8382054.6       2455401.5
   2.6469419e+08   3.0157450e-07       105695.82       8362874.6       2449160.2
   2.6659846e+08   3.0097160e-07       105426.45       8343509.8       2442889.6
   2.6850274e+08   3.0036559e-07       105157.60       8324043.8       2436619.0
   2.7040701e+08   2.9975535e-07       104888.32       8304434.6       2430334.3
   2.7231129e+08   2.9913475e-07       104613.41       8284453.6       2423958.5
   2.7421556e+08   2.9851088e-07       104339.05       8264365.2       2417582.7
   2.7611984e+08   2.9788372e-07       104065.23       8244168.6       2411206.9
   2.7802411e+08   2.9724640e-07       103785.99       8223605.1       2404744.6
   2.7992839e+08   2.9660474e-07       103506.52       8202893.9       2398270.8
   2.8183266e+08   2.9595963e-07       103227.62       8182068.1       2391797.1
   2.8373694e+08   2.9530631e-07       102945.10       8160947.1       2385263.8
   2.8564121e+08   2.9464773e-07       102661.68       8139643.2       2378709.5
   2.8754548e+08   2.9398408e-07       102377.54       8118162.7       2372136.9
   2.8944976e+08   2.9341946e-07       102090.64       8099306.3       2365517.9
   2.9135403e+08   2.9286336e-07       101801.78       8080634.9       2358864.0
   2.9325831e+08   2.9230283e-07       101512.05       8061810.1       2352190.4
   2.9516258e+08   2.9173509e-07       101218.05       8042713.8       2345451.8
   2.9706686e+08   2.9116398e-07       100924.69       8023510.3       2338713.3
   2.9897113e+08   2.9058947e-07       100631.97       8004198.6       2331974.8
   3.0087541e+08   2.9000642e-07       100333.36       7984556.6       2325151.5
   3.0277968e+08   2.8941931e-07       100034.75       7964778.8       2318319.4
   3.0468396e+08   2.8882863e-07       99736.810       7944886.8       2311487.4
   3.0658823e+08   2.8823064e-07       99434.664       7924716.5       2304593.6
   3.0849251e+08   2.8762807e-07       99132.053       7904388.7       2297685.1
   3.1039678e+08   2.8702034e-07       98828.216       7883877.2       2290752.7
   3.1230106e+08   2.8641399e-07       98521.947       7863176.6       2283782.1
   3.1420533e+08   2.8580209e-07       98213.560       7842264.0       2276778.2
   3.1610961e+08   2.8518535e-07       97904.520       7821181.6       2269758.2
   3.1801388e+08   2.8456179e-07       97591.552       7800731.9       2262685.5
   3.1991815e+08   2.8393355e-07       97278.366       7780177.0       2255601.9
   3.2182243e+08   2.8330120e-07       96965.935       7759493.9       2248518.3
   3.2372670e+08   2.8266108e-07       96648.037       7738505.0       2241366.4
   3.2563098e+08   2.8201650e-07       96330.599       7717373.6       2234211.0
   3.2753525e+08   2.8136677e-07       96012.411       7696065.1       2227039.3
   3.2943953e+08   2.8071001e-07       95690.211       7674486.0       2219816.5
   3.3134380e+08   2.8004879e-07       95368.823       7652766.8       2212593.7
   3.3324808e+08   2.7938114e-07       95044.546       7630805.6       2205332.7
   3.3515235e+08   2.7870761e-07       94718.660       7608632.9       2198046.4
   3.3705663e+08   2.7802936e-07       94393.455       7586308.9       2190758.6
   3.3896090e+08   2.7734351e-07       94063.299       7563681.7       2183412.8
   3.4086518e+08   2.7665286e-07       93734.010       7540901.6       2176066.9
   3.4276945e+08   2.7595599e-07       93402.648       7517890.8       2168692.6
   3.4467373e+08   2.7525284e-07       93069.342       7494648.6       2161290.7
   3.4657800e+08   2.7454460e-07       92736.667       7471239.3       2153886.5
   3.4848228e+08   2.7382890e-07       92399.541       7447531.6       2146431.8
   3.5038655e+08   2.7310806e-07       92063.336       7423657.5       2138977.2
   3.5229083e+08   2.7238107e-07       91725.801       7399558.8       2131501.9
   3.5419510e+08   2.7165297e-07       91386.258       7375231.9       2124000.0
   3.5609937e+08   2.7092211e-07       91044.967       7350680.7       2116475.1
   3.5800365e+08   2.7018488e-07       90701.848       7325892.4       2108927.1
   3.5990792e+08   2.6944167e-07       90358.421       7300897.0       2101368.5
   3.6181220e+08   2.6869209e-07       90013.466       7276068.3       2093789.5
   3.6371647e+08   2.6793578e-07       89665.605       7251709.0       2086180.3
   3.6562075e+08   2.6717337e-07       89317.579       7227147.9       2078562.0
   3.6752502e+08   2.6640463e-07       88968.517       7202366.0       2070928.5
   3.6942930e+08   2.6562922e-07       88617.357       7177338.9       2063271.6
   3.7133357e+08   2.6484761e-07       88266.458       7152109.9       2055609.2
   3.7323785e+08   2.6416526e-07       87912.935       7129394.9       2047920.0
   3.7514212e+08   2.6351660e-07       87556.989       7107493.7       2040204.8
   3.7704640e+08   2.6286229e-07       87199.476       7085390.6       2032470.1
   3.7895067e+08   2.6220247e-07       86842.700       7063120.7       2024732.8
   3.8085495e+08   2.6153669e-07       86481.192       7040594.9       2016953.7
   3.8275922e+08   2.6086525e-07       86120.814       7017902.2       2009174.7
   3.8466350e+08   2.6018790e-07       85756.727       6994967.1       2001362.4
   3.8656777e+08   2.5950467e-07       85392.568       6971840.8       1993541.6
   3.8847205e+08   2.5881552e-07       85027.326       6948506.7       1985705.9
   3.9037632e+08   2.5812680e-07       84659.731       6924956.3       1977847.2
   3.9228059e+08   2.5743603e-07       84290.238       6901191.9       1969969.5
   3.9418487e+08   2.5673938e-07       83918.019       6877194.8       1962068.5
   3.9608914e+08   2.5603651e-07       83545.813       6852995.2       1954160.4
   3.9799342e+08   2.5532764e-07       83171.268       6828563.5       1946232.1
   3.9989769e+08   2.5461252e-07       82795.702       6803911.2       1938290.8
   4.0180197e+08   2.5389111e-07       82419.267       6779038.4       1930337.9
   4.0370624e+08   2.5316361e-07       82040.022       6754689.4       1922363.1
   4.0561052e+08   2.5242976e-07       81659.749       6730424.3       1914376.5
   4.0751479e+08   2.5168987e-07       81276.495       6705920.5       1906368.8
   4.0941907e+08   2.5094311e-07       80894.130       6681212.9       1898358.9
   4.1132334e+08   2.5019042e-07       80507.922       6656254.4       1890324.7
   4.1322762e+08   2.4943075e-07       80122.423       6631084.2       1882287.6
   4.1513189e+08   2.4866502e-07       79733.449       6605663.0       1874229.0
   4.1703617e+08   2.4789219e-07       79344.976       6580021.7       1866166.7
   4.1894044e+08   2.4711299e-07       78954.002       6554133.2       1858088.0
   4.2084472e+08   2.4633037e-07       78562.321       6528008.4       1850000.8
   4.2274899e+08   2.4554967e-07       78168.058       6501629.2       1841897.7
   4.2465327e+08   2.4476185e-07       77773.107       6475007.6       1833786.3
   4.2655754e+08   2.4396700e-07       77377.094       6448139.3       1825665.7
   4.2846181e+08   2.4316500e-07       76980.041       6421020.2       1817535.8
   4.3036609e+08   2.4235614e-07       76581.275       6393645.3       1809395.1
   4.3227036e+08   2.4153967e-07       76182.321       6366018.4       1801248.6
   4.3417464e+08   2.4071657e-07       75780.902       6338127.5       1793089.9
   4.3607891e+08   2.3988535e-07       75380.171       6309981.9       1784928.4
   4.3798319e+08   2.3907752e-07       74977.022       6282651.0       1776755.4
   4.3988746e+08   2.3839502e-07       74571.569       6259226.4       1768568.7
   4.4179174e+08   2.3770542e-07       74166.656       6235593.6       1760378.1
   4.4369601e+08   2.3701028e-07       73758.290       6211727.6       1752169.3
   4.4560029e+08   2.3630794e-07       73350.299       6187646.3       1743956.2
   4.4750456e+08   2.3559945e-07       72940.068       6163333.6       1735729.9
   4.4940884e+08   2.3489718e-07       72527.966       6138770.2       1727492.1
   4.5131311e+08   2.3418959e-07       72113.041       6113966.4       1719240.1
   4.5321739e+08   2.3347392e-07       71699.311       6088936.4       1710986.4
   4.5512166e+08   2.3275284e-07       71281.589       6063658.1       1702716.0
   4.5702594e+08   2.3202384e-07       70864.470       6038145.0       1694442.3
   4.5893021e+08   2.3128866e-07       70444.640       6012383.7       1686156.7
   4.6083449e+08   2.3054608e-07       70024.224       5986378.4       1677865.3
   4.6273876e+08   2.2979640e-07       69602.494       5960123.2       1669566.2
   4.6464303e+08   2.2903998e-07       69178.890       5933616.3       1661259.1
   4.6654731e+08   2.2827541e-07       68755.470       5906855.9       1652948.2
   4.6845158e+08   2.2750489e-07       68328.792       5879837.9       1644627.4
   4.7035586e+08   2.2672570e-07       67902.889       5852560.5       1636304.7
   4.7226013e+08   2.2594322e-07       67475.126       5825019.8       1627975.5
   4.7416441e+08   2.2516449e-07       67045.413       5797947.6       1619640.7
   4.7606868e+08   2.2437783e-07       66615.043       5770968.1       1611302.2
   4.7797296e+08   2.2358453e-07       66182.291       5743728.9       1602958.6
   4.7987723e+08   2.2278300e-07       65749.125       5716225.6       1594612.7
   4.8178151e+08   2.2197345e-07       65315.135       5688454.5       1586264.0
   4.8368578e+08   2.2115729e-07       64878.661       5660418.0       1577912.0
   4.8559006e+08   2.2033210e-07       64442.416       5632105.5       1569559.0
   4.8749433e+08   2.1949934e-07       64004.655       5603519.4       1561204.2
   4.8939861e+08   2.1865812e-07       63566.308       5574652.9       1552848.6
   4.9130288e+08   2.1780738e-07       63128.459       5545498.8       1544492.8
   4.9320716e+08   2.1702552e-07       62691.612       5518007.2       1536136.6
   4.9511143e+08   2.1634351e-07       62254.487       5492617.0       1527775.2
   4.9701571e+08   2.1565503e-07       61816.991       5466966.2       1519407.7
   4.9891998e+08   2.1495746e-07       61380.232       5441052.0       1511036.8
   5.0082425e+08   2.1425197e-07       60942.532       5414869.4       1502659.5
   5.0272853e+08   2.1353703e-07       60505.810       5388417.0       1494279.8
   5.0463280e+08   2.1281349e-07       60068.853       5361774.6       1485896.1
   5.0653708e+08   2.1208123e-07       59631.771       5335765.7       1477509.1
   5.0844135e+08   2.1134063e-07       59194.089       5309490.6       1469119.1
   5.1034563e+08   2.1059031e-07       58757.299       5282945.4       1460728.2
   5.1224990e+08   2.0983069e-07       58320.821       5256126.8       1452335.8
   5.1415418e+08   2.0906787e-07       57884.346       5229055.0       1443942.7
   5.1605845e+08   2.0830535e-07       57447.368       5201737.9       1435549.0
   5.1796273e+08   2.0753323e-07       57010.776       5174135.8       1427155.4
   5.1986700e+08   2.0675119e-07       56574.742       5146244.1       1418762.2
   5.2177128e+08   2.0596022e-07       56138.335       5118064.9       1410370.3
   5.2367555e+08   2.0515972e-07       55702.080       5089593.6       1401980.5
   5.2557983e+08   2.0434903e-07       55266.482       5060823.1       1393592.6
   5.2748410e+08   2.0352838e-07       54831.270       5031752.2       1385207.6
   5.2938838e+08   2.0269856e-07       54395.849       5002385.5       1376827.4
   5.3129265e+08   2.0185769e-07       53961.599       4972705.1       1368450.1
   5.3319692e+08   2.0101628e-07       53527.508       4942809.5       1360078.2
   5.3510120e+08   2.0017010e-07       53093.479       4913463.0       1351712.1
   5.3700547e+08   1.9931420e-07       52659.454       4884118.0       1343352.5
   5.3890975e+08   1.9844672e-07       52226.617       4854453.0       1334997.0
   5.4081402e+08   1.9772112e-07       51793.382       4827980.6       1326647.4
   5.4271830e+08   1.9701980e-07       51359.196       4801979.8       1318298.1
   5.4462257e+08   1.9630879e-07       50925.405       4775695.2       1309949.4
   5.4652685e+08   1.9558828e-07       50491.724       4749123.7       1301601.7
   5.4843112e+08   1.9485914e-07       50057.387       4722266.2       1293256.1
   5.5033540e+08   1.9412794e-07       49623.202       4695244.2       1284912.6
   5.5223967e+08   1.9339329e-07       49188.718       4668024.0       1276572.4
   5.5414395e+08   1.9264784e-07       48755.174       4640497.2       1268235.1
   5.5604822e+08   1.9189162e-07       48322.468       4612660.3       1259901.0
   5.5795250e+08   1.9112514e-07       47890.179       4584514.4       1251571.6
   5.5985677e+08   1.9034855e-07       47458.235       4556058.9       1243248.3
   5.6176105e+08   1.8956012e-07       47027.694       4527277.3       1234929.1
   5.6366532e+08   1.8876147e-07       46597.498       4498975.7       1226617.6
   5.6556960e+08   1.8795336e-07       46168.071       4470631.0       1218313.6
   5.6747387e+08   1.8714407e-07       45739.722       4442263.5       1210018.1
   5.6937814e+08   1.8632261e-07       45313.023       4413570.7       1201730.7
   5.7128242e+08   1.8548856e-07       44888.135       4384545.3       1193451.1
   5.7318669e+08   1.8464201e-07       44464.996       4355185.5       1185180.6
   5.7509097e+08   1.8378397e-07       44043.259       4325503.9       1176923.9
   5.7699524e+08   1.8291297e-07       43623.512       4295479.6       1168677.6
   5.7889952e+08   1.8202862e-07       43205.864       4265104.2       1160441.1
   5.8080379e+08   1.8119220e-07       42790.052       4235795.0       1152218.3
   5.8270807e+08   1.8048411e-07       42375.045       4209566.7       1144004.8
   5.8461234e+08   1.7976402e-07       41961.654       4183012.2       1135795.8
   5.8651662e+08   1.7903206e-07       41549.717       4156128.4       1127592.0
   5.8842089e+08   1.7828935e-07       41138.603       4129350.0       1119396.7
   5.9032517e+08   1.7753554e-07       40728.492       4102764.5       1111210.5
   5.9222944e+08   1.7676918e-07       40320.089       4075851.0       1103031.0
   5.9413372e+08   1.7599077e-07       39913.087       4048611.0       1094860.3
   5.9603799e+08   1.7520439e-07       39507.230       4021341.7       1086701.1
   5.9794227e+08   1.7441013e-07       39102.514       3994049.6       1078554.2
   5.9984654e+08   1.7360292e-07       38699.539       3966408.6       1070416.8
   6.0175082e+08   1.7278308e-07       38298.143       3938419.3       1062290.8
   6.0365509e+08   1.7195091e-07       37898.214       3910083.0       1054178.4
   6.0555936e+08   1.7110661e-07       37499.728       3881400.6       1046081.9
   6.0746364e+08   1.7024894e-07       37103.124       3852353.5       1037998.6
   6.0936791e+08   1.6937923e-07       36708.369       3823103.8       1029929.9
   6.1127219e+08   1.6850072e-07       36315.331       3794025.2       1021878.2
   6.1317646e+08   1.6761010e-07       35923.793       3765665.0       1013847.2
   6.1508074e+08   1.6670541e-07       35534.311       3736949.4       1005831.1
   6.1698501e+08   1.6583978e-07       35146.745       3708983.4       997831.58
   6.1888929e+08   1.6510494e-07       34760.086       3683705.8       989848.85
   6.2079356e+08   1.6435719e-07       34375.063       3658082.8       981874.61
   6.2269784e+08   1.6359911e-07       33991.000       3632363.8       973913.65
   6.2460211e+08   1.6283178e-07       33608.032       3606845.3       965965.92
   6.2650639e+08   1.6205247e-07       33226.226       3580978.1       958032.20
   6.2841066e+08   1.6126070e-07       32845.770       3554753.3       950112.49
   6.3031494e+08   1.6045631e-07       32466.718       3528165.5       942207.65
   6.3221921e+08   1.5963903e-07       32089.167       3501207.8       934318.19
   6.3412349e+08   1.5880840e-07       31713.265       3474003.2       926444.05
   6.3602776e+08   1.5796783e-07       31338.575       3447943.7       918592.13
   6.3793204e+08   1.5711351e-07       30966.022       3421728.5       910755.76
   6.3983631e+08   1.5624539e-07       30595.463       3395136.9       902938.61
   6.4174058e+08   1.5536333e-07       30226.961       3368163.8       895141.83
   6.4364486e+08   1.5446773e-07       29860.492       3340812.5       887368.57
   6.4554913e+08   1.5355779e-07       29496.278       3313067.7       879617.53
   6.4745341e+08   1.5263363e-07       29134.547       3285304.1       871887.95
   6.4935768e+08   1.5174087e-07       28775.595       3258562.4       864182.62
   6.5126196e+08   1.5098588e-07       28418.887       3234663.4       856498.47
   6.5316623e+08   1.5021610e-07       28064.624       3210376.4       848827.04
   6.5507051e+08   1.4943290e-07       27712.470       3186272.9       841175.09
   6.5697478e+08   1.4863577e-07       27362.549       3162195.6       833542.13
   6.5887906e+08   1.4782449e-07       27015.074       3138073.4       825926.14
   6.6078333e+08   1.4700041e-07       26669.860       3114076.0       818332.95
   6.6268761e+08   1.4616111e-07       26327.194       3089683.5       810758.80
   6.6459188e+08   1.4530685e-07       25987.068       3064896.5       803206.55
   6.6649616e+08   1.4443744e-07       25649.561       3039708.1       795677.28
   6.6840043e+08   1.4355245e-07       25314.778       3014107.1       788171.02
   6.7030471e+08   1.4265426e-07       24982.694       2988537.7       780694.63
   6.7220898e+08   1.4174020e-07       24653.550       2962856.8       773239.16
   6.7411326e+08   1.4081061e-07       24327.282       2937429.3       765812.84
   6.7601753e+08   1.3986568e-07       24003.908       2912024.6       758417.95
   6.7792180e+08   1.3890330e-07       23683.583       2886170.6       751046.41
   6.7982608e+08   1.3809244e-07       23366.003       2863285.6       743705.40
   6.8173035e+08   1.3730134e-07       23050.617       2841241.8       736387.94
   6.8363463e+08   1.3649518e-07       22737.666       2818883.5       729090.07
   6.8553890e+08   1.3567395e-07       22427.118       2796130.2       721815.35
   6.8744318e+08   1.3483744e-07       22119.057       2772974.0       714564.89
   6.8934745e+08   1.3398527e-07       21813.580       2749404.1       707339.08
   6.9125173e+08   1.3311862e-07       21510.753       2725928.1       700139.64
   6.9315600e+08   1.3223907e-07       21210.495       2703229.6       692971.62
   6.9506028e+08   1.3134259e-07       20912.991       2680109.6       685828.80
   6.9696455e+08   1.3042968e-07       20618.266       2656573.0       678715.58
   6.9886883e+08   1.2950013e-07       20326.409       2632611.4       671633.10
   7.0077310e+08   1.2855297e-07       20037.518       2608201.2       664578.73
   7.0267738e+08   1.2759407e-07       19751.621       2583962.5       657562.76
   7.0458165e+08   1.2661736e-07       19468.794       2559248.3       650577.64
   7.0648593e+08   1.2578689e-07       19188.829       2537425.1       643625.67
   7.0839020e+08   1.2497511e-07       18911.163       2516831.3       636701.51
   7.1029447e+08   1.2414700e-07       18635.944       2495839.1       629800.75
   7.1219875e+08   1.2330871e-07       18363.048       2474779.9       622931.84
   7.1410302e+08   1.2245523e-07       18092.634       2453397.7       616089.25
   7.1600730e+08   1.2158540e-07       17824.733       2431594.8       609276.35
   7.1791157e+08   1.2069896e-07       17559.434       2409361.3       602494.24
   7.1981585e+08   1.1979537e-07       17296.840       2386681.1       595742.61
   7.2172012e+08   1.1887833e-07       17037.012       2363901.5       589025.44
   7.2362440e+08   1.1794631e-07       16779.984       2341639.4       582346.30
   7.2552867e+08   1.1699632e-07       16525.801       2319203.3       575700.36
   7.2743295e+08   1.1602858e-07       16274.540       2296312.3       569090.78
   7.2933722e+08   1.1504236e-07       16026.279       2272945.4       562516.29
   7.3124150e+08   1.1423381e-07       15780.696       2253121.8       555982.07
   7.3314577e+08   1.1341537e-07       15537.508       2233076.0       549473.90
   7.3505005e+08   1.1258022e-07       15296.738       2212603.9       542995.69
   7.3695432e+08   1.1172832e-07       15058.464       2191894.3       536549.60
   7.3885860e+08   1.1085938e-07       14822.720       2171538.0       530136.18
   7.4076287e+08   1.0997967e-07       14589.526       2151055.7       523760.41
   7.4266715e+08   1.0908257e-07       14358.985       2130170.2       517415.73
   7.4457142e+08   1.0816751e-07       14131.162       2108830.1       511106.66
   7.4647569e+08   1.0723522e-07       13906.176       2087043.2       504839.04
   7.4837997e+08   1.0628440e-07       13684.085       2064793.0       498605.97
   7.5028424e+08   1.0532217e-07       13465.014       2042616.2       492416.81
   7.5218852e+08   1.0436243e-07       13248.903       2021198.1       486265.77
   7.5409279e+08   1.0355448e-07       13035.362       2002550.5       480154.97
   7.5599707e+08   1.0272875e-07       12824.213       1983470.5       474073.57
   7.5790134e+08   1.0188877e-07       12615.485       1964069.5       468026.24
   7.5980562e+08   1.0103580e-07       12409.140       1944386.7       462014.85
   7.6170989e+08   1.0016481e-07       12205.236       1924246.8       456038.11
   7.6361417e+08   9.9275834e-08       12003.855       1903950.9       450098.60
   7.6551844e+08   9.8368844e-08       11805.023       1883891.2       444197.87
   7.6742272e+08   9.7450549e-08       11608.670       1863608.6       438339.89
   7.6932699e+08   9.6514891e-08       11414.674       1842891.1       432520.02
   7.7123127e+08   9.5561834e-08       11223.120       1821707.5       426745.43
   7.7313554e+08   9.4611756e-08       11034.093       1800444.0       421009.95
   7.7503982e+08   9.3810704e-08       10847.267       1782076.4       415315.32
   7.7694409e+08   9.2998224e-08       10662.292       1764240.4       409657.70
   7.7884837e+08   9.2168283e-08       10479.264       1745974.5       404034.22
   7.8075264e+08   9.1320513e-08       10298.267       1727264.2       398445.77
   7.8265691e+08   9.0455661e-08       10119.363       1708115.4       392897.82
   7.8456119e+08   8.9580698e-08       9942.6330       1688729.0       387391.95
   7.8646546e+08   8.8686848e-08       9768.1594       1668856.6       381922.75
   7.8836974e+08   8.7775564e-08       9595.9932       1649381.0       376499.50
   7.9027401e+08   8.6845186e-08       9426.1734       1629552.0       371116.96
   7.9217829e+08   8.5901307e-08       9258.7871       1609381.7       365780.03
   7.9408256e+08   8.5101854e-08       9093.5989       1591812.3       360487.20
   7.9598684e+08   8.4304987e-08       8930.3236       1574182.3       355227.94
   7.9789111e+08   8.3490519e-08       8769.0150       1556154.8       350006.12
   7.9979539e+08   8.2662243e-08       8609.7055       1538616.6       344824.57
   8.0169966e+08   8.1819885e-08       8452.4077       1520723.8       339683.33
   8.0360394e+08   8.0959069e-08       8297.2137       1502366.6       334582.60
   8.0550821e+08   8.0079482e-08       8144.2238       1483529.4       329523.53
   8.0741249e+08   7.9183831e-08       7993.5241       1464278.8       324508.06
   8.0931676e+08   7.8274375e-08       7845.1179       1445220.8       319540.28
   8.1122104e+08   7.7402708e-08       7698.9178       1427125.1       314615.32
   8.1312531e+08   7.6631159e-08       7554.5715       1410726.9       309732.16
   8.1502959e+08   7.5844331e-08       7411.9933       1393941.1       304885.95
   8.1693386e+08   7.5044156e-08       7271.0949       1376797.9       300077.22
   8.1883813e+08   7.4226751e-08       7131.8665       1359301.2       295310.44
   8.2074241e+08   7.3392150e-08       6994.3611       1342140.2       290587.61
   8.2264668e+08   7.2541722e-08       6858.6653       1324584.0       285903.98
   8.2455096e+08   7.1678377e-08       6724.7921       1306684.1       281268.51
   8.2645523e+08   7.0795820e-08       6592.8554       1288281.1       276676.12
   8.2835951e+08   6.9958149e-08       6462.8971       1270707.6       272129.40
   8.3026378e+08   6.9212383e-08       6334.4952       1255371.9       267624.14
   8.3216806e+08   6.8451749e-08       6207.5532       1239659.1       263155.93
   8.3407233e+08   6.7673995e-08       6082.1281       1223514.3       258729.23
   8.3597661e+08   6.6877644e-08       5958.3518       1206901.3       254341.19
   8.3788088e+08   6.6069796e-08       5836.2716       1190013.6       249996.75
   8.3978516e+08   6.5245117e-08       5715.8954       1173490.5       245697.86
   8.4168943e+08   6.4401180e-08       5597.2993       1156479.5       241441.57
   8.4359371e+08   6.3539880e-08       5480.5771       1139006.2       237231.45
   8.4549798e+08   6.2824996e-08       5365.4879       1124054.2       233066.42
   8.4740226e+08   6.2095729e-08       5251.8231       1108996.5       228937.96
   8.4930653e+08   6.1348477e-08       5139.6047       1093983.3       224848.15
   8.5121081e+08   6.0588650e-08       5028.8696       1078626.6       220801.42
   8.5311508e+08   5.9812297e-08       4919.6928       1062844.0       216795.17
   8.5501935e+08   5.9017122e-08       4812.1635       1046579.4       212831.95
   8.5692363e+08   5.8205010e-08       4706.3635       1030491.5       208914.64
   8.5882790e+08   5.7392204e-08       4602.2643       1014447.1       205043.20
   8.6073218e+08   5.6704964e-08       4499.6100       1000468.6       201213.90
   8.6263645e+08   5.5999551e-08       4398.2781       986047.81       197421.30
   8.6454073e+08   5.5281928e-08       4298.3055       971493.06       193669.48
   8.6644500e+08   5.4547207e-08       4199.6998       957045.12       189959.20
   8.6834928e+08   5.3793698e-08       4102.5524       942134.41       186290.22
   8.7025355e+08   5.3026303e-08       4006.9425       926818.43       182664.63
   8.7215783e+08   5.2242748e-08       3912.9206       911140.08       179082.78
   8.7406210e+08   5.1537713e-08       3820.4152       897351.32       175546.86
   8.7596638e+08   5.0870283e-08       3729.1189       884085.13       172048.20
   8.7787065e+08   5.0188729e-08       3639.0270       870457.12       168588.32
   8.7977493e+08   4.9488521e-08       3550.2310       856373.22       165167.83
   8.8167920e+08   4.8772525e-08       3462.7918       842445.68       161789.82
   8.8358348e+08   4.8042835e-08       3376.7241       828250.29       158453.66
   8.8548775e+08   4.7293525e-08       3292.1095       813572.69       155161.18
   8.8739203e+08   4.6619587e-08       3208.9436       800054.58       151911.03
   8.8929630e+08   4.5985016e-08       3126.8604       787646.74       148699.53
   8.9120057e+08   4.5332141e-08       3045.8703       774877.61       145525.96
   8.9310485e+08   4.4663320e-08       2966.0684       761701.00       142390.77
   8.9500912e+08   4.3979926e-08       2887.4546       748126.55       139296.32
   8.9691340e+08   4.3277306e-08       2810.0835       734700.85       136244.81
   8.9881767e+08   4.2565678e-08       2734.0255       720988.57       133234.81
   9.0072195e+08   4.1973420e-08       2659.0295       709114.42       130265.80
   9.0262622e+08   4.1362113e-08       2585.0095       696857.87       127331.19
   9.0453050e+08   4.0738746e-08       2511.9501       684816.78       124435.21
   9.0643477e+08   4.0096773e-08       2439.9032       672353.51       121577.83
   9.0833905e+08   3.9437841e-08       2368.9760       659434.86       118760.18
   9.1024332e+08   3.8767675e-08       2299.2074       646326.64       115983.40
   9.1214760e+08   3.8187557e-08       2230.4589       634905.87       113246.51
   9.1405187e+08   3.7618908e-08       2162.5239       623554.47       110543.56
   9.1595615e+08   3.7033115e-08       2095.3989       611816.44       107877.17
   9.1786042e+08   3.6431259e-08       2029.2015       600010.47       105247.04
   9.1976470e+08   3.5818633e-08       1963.8958       587919.07       102655.42
   9.2166897e+08   3.5184556e-08       1899.5868       575360.51       100102.35
   9.2357324e+08   3.4666337e-08       1836.0264       564579.40       97586.326
   9.2547752e+08   3.4134352e-08       1772.9068       553884.05       95103.210
   9.2738179e+08   3.3594186e-08       1710.2996       542780.47       92653.238
   9.2928607e+08   3.3036866e-08       1648.2031       531244.33       90238.074
   9.3119034e+08   3.2470020e-08       1586.6825       519545.59       87858.949
   9.3309462e+08   3.1944816e-08       1525.6537       508554.09       85516.050
   9.3499889e+08   3.1481176e-08       1464.8482       498252.53       83202.998
   9.3690317e+08   3.1001042e-08       1404.1813       487543.33       80919.451
   9.3880744e+08   3.0517490e-08       1343.6139       476788.77       78667.045
   9.4071172e+08   3.0018410e-08       1283.1589       465673.21       76446.050
   9.4261599e+08   2.9554478e-08       1222.7628       454774.86       74256.741
   9.4452027e+08   2.9170446e-08       1162.0029       444805.89       72093.252
   9.4642454e+08   2.8782017e-08       1100.4132       434800.72       69954.202
   9.4832882e+08   2.8392303e-08       1037.8836       424475.13       67839.311
   9.5023309e+08   2.8005026e-08       974.18982       413914.56       65749.088
   9.5213737e+08   2.7702459e-08       908.91512       404310.02       63681.753
   9.5404164e+08   2.7467468e-08       841.34962       395431.72       61628.948
   9.5594592e+08   2.7261819e-08       770.64986       386791.02       59588.573
   9.5785019e+08   2.7115242e-08       695.21315       378529.49       57557.611
   9.5975446e+08   2.7142327e-08       611.91983       371714.03       55528.874
   9.6165874e+08   2.7580897e-08       514.96496       367825.82       53479.323
   9.6356301e+08   2.9017220e-08       391.49495       366857.67       51363.455
   9.6546729e+08   3.9122344e-08       197.52302       345201.08       48946.952
   9.6737156e+08   7.3766875e-08       51.265299       207446.48       44433.872
   9.6927584e+08   7.4776785e-08       31.222156       180061.61       38737.406
   9.7118011e+08   6.8664057e-08       24.440125       158327.89       33288.721
   9.7308439e+08   6.0852892e-08       21.024616       137441.01       28371.364
   9.7498866e+08   5.2886480e-08       19.005193       118024.19       24046.735
